% saves color schema

%% color defiinitons
color_b = [28, 108, 200]/255;
color_r = [238, 46, 47]/255;
color_g = [0, 140, 72]/255;
color_m = [226, 113, 199]/255;
color_lb = [182, 226, 255]/255;
color_s = [0.8, 0.8, 0.8];
%% Conversions
mmHg2SI = 133.322;
ml2SI = 1e-6;
bpm2SI = 1/60;
mlPmin2SI = 1/1000/60;